"idProposicao","_Data","_Hora","_Nome","_UF","_Partido","_ideCadastro","_Voto"
"373327","26/5/2015","21:49","Roberto Alves","SP","PRB","152610","Não"
"373327","26/5/2015","21:49","Lázaro Botelho","TO","PP","141480","Sim"
"373327","26/5/2015","21:49","Sérgio Brito","BA","PSD","73808","Sim"
"373327","26/5/2015","21:49","Erivelton Santana","BA","PSC","99654","Sim"
"373327","26/5/2015","21:49","Osmar Serraglio","PR","PMDB","73463","Sim"
"373327","26/5/2015","21:49","Bruno Araújo","PE","PSDB","141394","Sim"
"373327","26/5/2015","21:49","Cacá Leão","BA","PP","93083","Sim"
"373327","26/5/2015","21:49","Dimas Fabiano","MG","PP","160599","Sim"
"373327","26/5/2015","21:49","Chico D Angelo","RJ","PT","141439","Não"
"373327","26/5/2015","21:49","Hélio Leite","PA","DEM","178909","Não"
"373327","26/5/2015","21:49","Maria do Rosário","RS","PT","74398","Não"
"373327","26/5/2015","21:49","Odorico Monteiro","CE","PT","178868","Não"
"373327","26/5/2015","21:49","Carlos Gomes","RS","PRB","178962","Não"
"373327","26/5/2015","21:49","Wolney Queiroz","PE","PDT","74439","Não"
"373327","26/5/2015","21:49","João Rodrigues","SC","PSD","160571","Sim"
"373327","26/5/2015","21:49","Rubens Pereira Júnior","MA","PCdoB","178887","Sim"
"373327","26/5/2015","21:49","Ricardo Tripoli","SP","PSDB","141472","Sim"
"373327","26/5/2015","21:49","Jozi Rocha","AP","PTB","178851","Sim"
"373327","26/5/2015","21:49","Dr. Jorge Silva","ES","PROS","160643","Não"
"373327","26/5/2015","21:49","Roney Nemer","DF","PMDB","178870","Sim"
"373327","26/5/2015","21:49","Dulce Miranda","TO","PMDB","178994","Sim"
"373327","26/5/2015","21:49","Décio Lima","SC","PT","141413","Não"
"373327","26/5/2015","21:49","Adelmo Carneiro Leão","MG","PT","178890","Não"
"373327","26/5/2015","21:49","Eduardo Bolsonaro","SP","PSC","92346","Sim"
"373327","26/5/2015","21:49","Luiz Carlos Hauly","PR","PSDB","73778","Não"
"373327","26/5/2015","21:49","Luiz Couto","PB","PT","74041","Não"
"373327","26/5/2015","21:49","Afonso Florence","BA","PT","160508","Não"
"373327","26/5/2015","21:49","Hugo Leal","RJ","PROS","141450","Sim"
"373327","26/5/2015","21:49","Arthur Lira","AL","PP","160541","Sim"
"373327","26/5/2015","21:49","Aelton Freitas","MG","PR","141372","Não"
"373327","26/5/2015","21:49","Jarbas Vasconcelos","PE","PMDB","131943","Não"
"373327","26/5/2015","21:49","Irmão Lazaro","BA","PSC","178855","Não"
"373327","26/5/2015","21:49","Elcione Barbalho","PA","PMDB","74075","Sim"
"373327","26/5/2015","21:49","Alan Rick","AC","PRB","178836","Não"
"373327","26/5/2015","21:49","Odelmo Leão","MG","PP","74752","Sim"
"373327","26/5/2015","21:49","Alessandro Molon","RJ","PT","160511","Não"
"373327","26/5/2015","21:49","Felipe Maia","RN","DEM","141429","Sim"
"373327","26/5/2015","21:49","João Marcelo Souza","MA","PMDB","112437","Sim"
"373327","26/5/2015","21:49","Vanderlei Macris","SP","PSDB","141553","Não"
"373327","26/5/2015","21:49","Remídio Monai","RR","PR","178960","Não"
"373327","26/5/2015","21:49","Roberto Góes","AP","PDT","178995","Não"
"373327","26/5/2015","21:49","Aliel Machado","PR","PCdoB","178927","Sim"
"373327","26/5/2015","21:49","Fausto Pinato","SP","PRB","66828","Não"
"373327","26/5/2015","21:49","Leonardo Picciani","RJ","PMDB","74254","Sim"
"373327","26/5/2015","21:49","Sérgio Moraes","RS","PTB","141542","Sim"
"373327","26/5/2015","21:49","Jhonatan de Jesus","RR","PRB","160531","Não"
"373327","26/5/2015","21:49","Paulo Maluf","SP","PP","132056","Sim"
"373327","26/5/2015","21:49","Hugo Motta","PB","PMDB","160674","Sim"
"373327","26/5/2015","21:49","Vicente Candido","SP","PT","160622","Não"
"373327","26/5/2015","21:49","Daniel Almeida","BA","PCdoB","74060","Sim"
"373327","26/5/2015","21:49","Esperidião Amin","SC","PP","160649","Sim"
"373327","26/5/2015","21:49","Cristiane Brasil","RJ","PTB","93472","Sim"
"373327","26/5/2015","21:49","Enio Verri","PR","PT","132504","Não"
"373327","26/5/2015","21:49","Fábio Faria","RN","PSD","141428","Não"
"373327","26/5/2015","21:49","Delegado Waldir","GO","PSDB","164359","Sim"
"373327","26/5/2015","21:49","Helder Salomão","ES","PT","178873","Não"
"373327","26/5/2015","21:49","Antonio Balhmann","CE","PROS","74213","Não"
"373327","26/5/2015","21:49","Nelson Marquezelli","SP","PTB","73553","Sim"
"373327","26/5/2015","21:49","José Reinaldo","MA","PSB","73714","Sim"
"373327","26/5/2015","21:49","Valmir Prascidelli","SP","PT","113247","Não"
"373327","26/5/2015","21:49","Ricardo Barros","PR","PP","73788","Sim"
"373327","26/5/2015","21:49","Janete Capiberibe","AP","PSB","73926","Não"
"373327","26/5/2015","21:49","Assis Carvalho","PI","PT","159237","Não"
"373327","26/5/2015","21:49","Miguel Haddad","SP","PSDB","178984","Não"
"373327","26/5/2015","21:49","Jovair Arantes","GO","PTB","73666","Sim"
"373327","26/5/2015","21:49","Laercio Oliveira","SE","Solidaried","151208","Sim"
"373327","26/5/2015","21:49","Delegado Edson Moreira","MG","PTN","178893","Não"
"373327","26/5/2015","21:49","Adalberto Cavalcanti","PE","PTB","178914","Sim"
"373327","26/5/2015","21:49","Soraya Santos","RJ","PMDB","178946","Sim"
"373327","26/5/2015","21:49","Jandira Feghali","RJ","PCdoB","74848","Sim"
"373327","26/5/2015","21:49","Paulo Pereira da Silva","SP","Solidaried","141518","Sim"
"373327","26/5/2015","21:49","Adelson Barreto","SE","PTB","178968","Sim"
"373327","26/5/2015","21:49","Newton Cardoso Jr","MG","PMDB","178896","Sim"
"373327","26/5/2015","21:49","Pauderney Avelino","AM","DEM","74095","Sim"
"373327","26/5/2015","21:49","Paulão","AL","PT","171617","Não"
"373327","26/5/2015","21:49","Raquel Muniz","MG","PSC","178998","Sim"
"373327","26/5/2015","21:49","Jose Stédile","RS","PSB","160607","Não"
"373327","26/5/2015","21:49","Tiririca","SP","PR","160976","Não"
"373327","26/5/2015","21:49","Pr. Marco Feliciano","SP","PSC","160601","Sim"
"373327","26/5/2015","21:49","Weliton Prado","MG","PT","160518","Abstenção"
"373327","26/5/2015","21:49","Alexandre Leite","SP","DEM","160545","Sim"
"373327","26/5/2015","21:49","Goulart","SP","PSD","178980","Não"
"373327","26/5/2015","21:49","Fernando Francischini","PR","Solidaried","160646","Sim"
"373327","26/5/2015","21:49","Genecias Noronha","CE","Solidaried","160669","Sim"
"373327","26/5/2015","21:49","Darcísio Perondi","RS","PMDB","73891","Não"
"373327","26/5/2015","21:49","Caetano","BA","PT","178853","Não"
"373327","26/5/2015","21:49","Arnaldo Faria de Sá","SP","PTB","73434","Sim"
"373327","26/5/2015","21:49","Ronaldo Fonseca","DF","PROS","160637","Não"
"373327","26/5/2015","21:49","Shéridan","RR","PSDB","178961","Sim"
"373327","26/5/2015","21:49","Washington Reis","RJ","PMDB","160620","Sim"
"373327","26/5/2015","21:49","Cesar Souza","SC","PSD","73720","Sim"
"373327","26/5/2015","21:49","Flavinho","SP","PSB","178978","Não"
"373327","26/5/2015","21:49","Reginaldo Lopes","MG","PT","74161","Não"
"373327","26/5/2015","21:49","José Priante","PA","PMDB","74079","Sim"
"373327","26/5/2015","21:49","Vicentinho","SP","PT","74283","Não"
"373327","26/5/2015","21:49","Aníbal Gomes","CE","PMDB","74212","Sim"
"373327","26/5/2015","21:49","Delegado Éder Mauro","PA","PSD","178908","Não"
"373327","26/5/2015","21:49","Leopoldo Meyer","PR","PSB","160663","Não"
"373327","26/5/2015","21:49","Jorge Boeira","SC","PP","74388","Não"
"373327","26/5/2015","21:49","José Airton Cirilo","CE","PT","141464","Não"
"373327","26/5/2015","21:49","Joaquim Passarinho","PA","PSD","178910","Não"
"373327","26/5/2015","21:49","Professora Marcivania","AP","PT","160641","Não"
"373327","26/5/2015","21:49","Zé Silva","MG","Solidaried","160632","Sim"
"373327","26/5/2015","21:49","Leo de Brito","AC","PT","178825","Não"
"373327","26/5/2015","21:49","Victor Mendes","MA","PV","178888","Sim"
"373327","26/5/2015","21:49","Edmar Arruda","PR","PSC","160578","Sim"
"373327","26/5/2015","21:49","Manoel Junior","PB","PMDB","141490","Sim"
"373327","26/5/2015","21:49","Sarney Filho","MA","PV","74210","Não"
"373327","26/5/2015","21:49","Geraldo Resende","MS","PMDB","74374","Não"
"373327","26/5/2015","21:49","Herculano Passos","SP","PSD","178981","Não"
"373327","26/5/2015","21:49","Gilberto Nascimento","SP","PSC","74270","Sim"
"373327","26/5/2015","21:49","Evandro Roman","PR","PSD","178930","Não"
"373327","26/5/2015","21:49","Zé Geraldo","PA","PT","73931","Não"
"373327","26/5/2015","21:49","Efraim Filho","PB","DEM","141422","Sim"
"373327","26/5/2015","21:49","Milton Monti","SP","PR","74787","Não"
"373327","26/5/2015","21:49","Luiz Sérgio","RJ","PT","74688","Não"
"373327","26/5/2015","21:49","Luiz Carlos Ramos","RJ","PSDC","178802","Sim"
"373327","26/5/2015","21:49","Covatti Filho","RS","PP","178963","Sim"
"373327","26/5/2015","21:49","Marcos Reategui","AP","PSC","178852","Não"
"373327","26/5/2015","21:49","César Halum","TO","PRB","160576","Não"
"373327","26/5/2015","21:49","Izalci","DF","PSDB","4931","Não"
"373327","26/5/2015","21:49","Henrique Fontana","RS","PT","73482","Não"
"373327","26/5/2015","21:49","Josi Nunes","TO","PMDB","114941","Sim"
"373327","26/5/2015","21:49","Eduardo Cury","SP","PSDB","178977","Não"
"373327","26/5/2015","21:49","Átila Lira","PI","PSB","74459","Não"
"373327","26/5/2015","21:49","Christiane de Souza Yared","PR","PTN","178928","Não"
"373327","26/5/2015","21:49","Luciana Santos","PE","PCdoB","160628","Sim"
"373327","26/5/2015","21:49","Eduardo Cunha","RJ","PMDB","74173","Art. 17"
"373327","26/5/2015","21:49","Vander Loubet","MS","PT","74376","Não"
"373327","26/5/2015","21:49","Evair de Melo","ES","PV","178871","Não"
"373327","26/5/2015","21:49","Bacelar","BA","PTN","69871","Não"
"373327","26/5/2015","21:49","Marcos Montes","MG","PSD","141500","Sim"
"373327","26/5/2015","21:49","Pedro Cunha Lima","PB","PSDB","178912","Sim"
"373327","26/5/2015","21:49","Geovania de Sá","SC","PSDB","178966","Não"
"373327","26/5/2015","21:49","Roberto Sales","RJ","PRB","178944","Não"
"373327","26/5/2015","21:49","Angelim","AC","PT","178837","Não"
"373327","26/5/2015","21:49","Mauro Mariani","SC","PMDB","141507","Não"
"373327","26/5/2015","21:49","Caio Narcio","MG","PSDB","178891","Não"
"373327","26/5/2015","21:49","Nelson Meurer","PR","PP","73781","Sim"
"373327","26/5/2015","21:49","Betinho Gomes","PE","PSDB","178915","Não"
"373327","26/5/2015","21:49","Rossoni","PR","PSDB","178935","Sim"
"373327","26/5/2015","21:49","Diego Andrade","MG","PSD","160588","Não"
"373327","26/5/2015","21:49","Waldenor Pereira","BA","PT","160569","Não"
"373327","26/5/2015","21:49","Raimundo Gomes de Matos","CE","PSDB","74216","Não"
"373327","26/5/2015","21:49","Expedito Netto","RO","Solidaried","178953","Não"
"373327","26/5/2015","21:49","Fábio Ramalho","MG","PV","141427","Sim"
"373327","26/5/2015","21:49","Rogério Rosso","DF","PSD","160426","Não"
"373327","26/5/2015","21:49","Otavio Leite","RJ","PSDB","141515","Sim"
"373327","26/5/2015","21:49","JHC","AL","Solidaried","178842","Não"
"373327","26/5/2015","21:49","Miguel Lombardi","SP","PR","178985","Não"
"373327","26/5/2015","21:49","Mário Negromonte Jr.","BA","PP","178858","Sim"
"373327","26/5/2015","21:49","Giuseppe Vecci","GO","PSDB","178878","Abstenção"
"373327","26/5/2015","21:49","Ságuas Moraes","MT","PT","160630","Não"
"373327","26/5/2015","21:49","Carlos Zarattini","SP","PT","141398","Não"
"373327","26/5/2015","21:49","Marcus Vicente","ES","PP","74235","Sim"
"373327","26/5/2015","21:49","Sóstenes Cavalcante","RJ","PSD","178947","Sim"
"373327","26/5/2015","21:49","Deley","RJ","PTB","74172","Sim"
"373327","26/5/2015","21:49","Aluisio Mendes","MA","PSDC","178881","Não"
"373327","26/5/2015","21:49","Ronaldo Carletto","BA","PP","178861","Sim"
"373327","26/5/2015","21:49","Lúcio Vale","PA","PR","141484","Não"
"373327","26/5/2015","21:49","Aguinaldo Ribeiro","PB","PP","160527","Sim"
"373327","26/5/2015","21:49","Fábio Mitidieri","SE","PSD","178969","Não"
"373327","26/5/2015","21:49","José Nunes","BA","PSD","160619","Sim"
"373327","26/5/2015","21:49","Cabuçu Borges","AP","PMDB","105112","Sim"
"373327","26/5/2015","21:49","Rubens Bueno","PR","PPS","73466","Não"
"373327","26/5/2015","21:49","Júlio Delgado","MG","PSB","73586","Não"
"373327","26/5/2015","21:49","Gonzaga Patriota","PE","PSB","74419","Não"
"373327","26/5/2015","21:49","Zeca Dirceu","PR","PT","160592","Não"
"373327","26/5/2015","21:49","Guilherme Mussi","SP","PP","160667","Sim"
"373327","26/5/2015","21:49","José Carlos Aleluia","BA","DEM","74553","Não"
"373327","26/5/2015","21:49","Ronaldo Lessa","AL","PDT","178845","Não"
"373327","26/5/2015","21:49","Marcelo Belinati","PR","PP","178932","Sim"
"373327","26/5/2015","21:49","Altineu Côrtes","RJ","PR","178937","Não"
"373327","26/5/2015","21:49","Sandes Júnior","GO","PP","74372","Sim"
"373327","26/5/2015","21:49","Silas Freire","PI","PR","187008","Não"
"373327","26/5/2015","21:49","Roberto Freire","SP","PPS","73805","Não"
"373327","26/5/2015","21:49","José Maia Filho","PI","Solidaried","151965","Sim"
"373327","26/5/2015","21:49","Carlos Eduardo Cadoca","PE","PCdoB","74474","Sim"
"373327","26/5/2015","21:49","José Fogaça","RS","PMDB","131966","Não"
"373327","26/5/2015","21:49","Penna","SP","PV","80920","Não"
"373327","26/5/2015","21:49","Antonio Carlos Mendes Thame","SP","PSDB","73584","Não"
"373327","26/5/2015","21:49","Fernando Torres","BA","PSD","160676","Sim"
"373327","26/5/2015","21:49","Davidson Magalhães","BA","PCdoB","101309","Sim"
"373327","26/5/2015","21:49","Augusto Coutinho","PE","Solidaried","160665","Não"
"373327","26/5/2015","21:49","Ademir Camilo","MG","PROS","133374","Sim"
"373327","26/5/2015","21:49","Alberto Filho","MA","PMDB","160582","Sim"
"373327","26/5/2015","21:49","Walney Rocha","RJ","PTB","160631","Sim"
"373327","26/5/2015","21:49","Marquinho Mendes","RJ","PMDB","181315","Sim"
"373327","26/5/2015","21:49","Mauro Pereira","RS","PMDB","124411","Não"
"373327","26/5/2015","21:49","João Fernando Coutinho","PE","PSB","178917","Não"
"373327","26/5/2015","21:49","Rodrigo Pacheco","MG","PMDB","178897","Sim"
"373327","26/5/2015","21:49","Célio Silveira","GO","PSDB","178876","Sim"
"373327","26/5/2015","21:49","João Paulo Papa","SP","PSDB","178988","Não"
"373327","26/5/2015","21:49","Antônio Jácome","RN","PMN","178950","Não"
"373327","26/5/2015","21:49","Eduardo Barbosa","MG","PSDB","74655","Não"
"373327","26/5/2015","21:49","Jorge Tadeu Mudalen","SP","DEM","73535","Sim"
"373327","26/5/2015","21:49","Alex Manente","SP","PPS","178972","Não"
"373327","26/5/2015","21:49","Paulo Magalhães","BA","PSD","74574","Não"
"373327","26/5/2015","21:49","Ricardo Teobaldo","PE","PTB","178920","Sim"
"373327","26/5/2015","21:49","Marcelo Squassoni","SP","PRB","118594","Não"
"373327","26/5/2015","21:49","Carlos Marun","MS","PMDB","178900","Sim"
"373327","26/5/2015","21:49","Marcelo Aro","MG","PHS","146788","Sim"
"373327","26/5/2015","21:49","José Guimarães","CE","PT","141470","Não"
"373327","26/5/2015","21:49","Luiz Carlos Busato","RS","PTB","141485","Sim"
"373327","26/5/2015","21:49","Domingos Sávio","MG","PSDB","160758","Não"
"373327","26/5/2015","21:49","Felipe Bornier","RJ","PSD","141430","Sim"
"373327","26/5/2015","21:49","Adail Carneiro","CE","PHS","178864","Sim"
"373327","26/5/2015","21:49","Roberto Balestra","GO","PP","73674","Sim"
"373327","26/5/2015","21:49","Sérgio Reis","SP","PRB","178991","Não"
"373327","26/5/2015","21:49","Edmilson Rodrigues","PA","PSOL","134812","Não"
"373327","26/5/2015","21:49","Macedo","CE","PSL","178867","Sim"
"373327","26/5/2015","21:49","Juscelino Filho","MA","PRP","178886","Sim"
"373327","26/5/2015","21:49","Baleia Rossi","SP","PMDB","178975","Sim"
"373327","26/5/2015","21:49","Roberto Britto","BA","PP","141529","Sim"
"373327","26/5/2015","21:49","Antonio Brito","BA","PTB","160553","Sim"
"373327","26/5/2015","21:49","Luiz Fernando Faria","MG","PP","141487","Sim"
"373327","26/5/2015","21:49","Gabriel Guimarães","MG","PT","129037","Não"
"373327","26/5/2015","21:49","João Arruda","PR","PMDB","160573","Sim"
"373327","26/5/2015","21:49","Bebeto","BA","PSB","178834","Não"
"373327","26/5/2015","21:49","André Figueiredo","CE","PDT","133439","Não"
"373327","26/5/2015","21:49","Mauro Lopes","MG","PMDB","74749","Sim"
"373327","26/5/2015","21:49","Paulo Abi-Ackel","MG","PSDB","141516","Sim"
"373327","26/5/2015","21:49","Pedro Uczai","SC","PT","160604","Não"
"373327","26/5/2015","21:49","Maurício Quintella Lessa","AL","PR","74050","Não"
"373327","26/5/2015","21:49","Afonso Motta","RS","PDT","178835","Não"
"373327","26/5/2015","21:49","Ezequiel Teixeira","RJ","Solidaried","178941","Abstenção"
"373327","26/5/2015","21:49","Jorge Côrte Real","PE","PTB","160572","Sim"
"373327","26/5/2015","21:49","Carlos Henrique Gaguim","TO","PMDB","178993","Sim"
"373327","26/5/2015","21:49","Dr. Sinval Malheiros","SP","PV","178830","Não"
"373327","26/5/2015","21:49","Antonio Bulhões","SP","PRB","141383","Não"
"373327","26/5/2015","21:49","Zeca Cavalcanti","PE","PTB","178923","Sim"
"373327","26/5/2015","21:49","Pompeo de Mattos","RS","PDT","73486","Não"
"373327","26/5/2015","21:49","Adilton Sachetti","MT","PSB","178903","Não"
"373327","26/5/2015","21:49","Conceição Sampaio","AM","PP","178848","Sim"
"373327","26/5/2015","21:49","Carmen Zanotto","SC","PPS","164360","Não"
"373327","26/5/2015","21:49","Vinicius Carvalho","SP","PRB","141555","Não"
"373327","26/5/2015","21:49","Josué Bengtson","PA","PTB","74351","Sim"
"373327","26/5/2015","21:49","Pedro Fernandes","MA","PTB","74449","Não"
"373327","26/5/2015","21:49","Marco Maia","RS","PT","133373","Não"
"373327","26/5/2015","21:49","Paulo Teixeira","SP","PT","141488","Não"
"373327","26/5/2015","21:49","Rodrigo Martins","PI","PSB","178926","Não"
"373327","26/5/2015","21:49","Beto Salame","PA","PROS","178906","Não"
"373327","26/5/2015","21:49","Carlos Manato","ES","Solidaried","74163","Sim"
"373327","26/5/2015","21:49","Vitor Valim","CE","PMDB","178869","Sim"
"373327","26/5/2015","21:49","Silvio Costa","PE","PSC","4930","Não"
"373327","26/5/2015","21:49","Fernando Jordão","RJ","PMDB","163831","Sim"
"373327","26/5/2015","21:49","Mandetta","MS","DEM","160633","Não"
"373327","26/5/2015","21:49","Zé Carlos","MA","PT","178889","Não"
"373327","26/5/2015","21:49","Alfredo Kaefer","PR","PSDB","141454","Não"
"373327","26/5/2015","21:49","Hiran Gonçalves","RR","PMN","178959","Sim"
"373327","26/5/2015","21:49","Afonso Hamm","RS","PP","136811","Não"
"373327","26/5/2015","21:49","Valtenir Pereira","MT","PROS","141552","Não"
"373327","26/5/2015","21:49","Evandro Gussi","SP","PV","178828","Sim"
"373327","26/5/2015","21:49","André Abdon","AP","PRB","178831","Não"
"373327","26/5/2015","21:49","Dilceu Sperafico","PR","PP","73768","Sim"
"373327","26/5/2015","21:49","Domingos Neto","CE","PROS","143632","Sim"
"373327","26/5/2015","21:49","Chico Alencar","RJ","PSOL","74171","Não"
"373327","26/5/2015","21:49","Bohn Gass","RS","PT","160538","Não"
"373327","26/5/2015","21:49","Hildo Rocha","MA","PMDB","178884","Sim"
"373327","26/5/2015","21:49","Marinha Raupp","RO","PMDB","74177","Não"
"373327","26/5/2015","21:49","Clarissa Garotinho","RJ","PR","178939","Não"
"373327","26/5/2015","21:49","Marcelo Castro","PI","PMDB","74460","Não"
"373327","26/5/2015","21:49","Benedita da Silva","RJ","PT","73701","Não"
"373327","26/5/2015","21:49","Rosangela Gomes","RJ","PRB","178945","Não"
"373327","26/5/2015","21:49","Moema Gramacho","BA","PT","178859","Não"
"373327","26/5/2015","21:49","Arnon Bezerra","CE","PTB","74291","Sim"
"373327","26/5/2015","21:49","Bruna Furlan","SP","PSDB","160589","Sim"
"373327","26/5/2015","21:49","Elmar Nascimento","BA","DEM","178854","Sim"
"373327","26/5/2015","21:49","Moses Rodrigues","CE","PPS","178997","Sim"
"373327","26/5/2015","21:49","Ivan Valente","SP","PSOL","73531","Não"
"373327","26/5/2015","21:49","Paulo Pimenta","RS","PT","74400","Não"
"373327","26/5/2015","21:49","Jorginho Mello","SC","PR","160509","Não"
"373327","26/5/2015","21:49","Diego Garcia","PR","PHS","178929","Sim"
"373327","26/5/2015","21:49","Damião Feliciano","PB","PDT","74467","Não"
"373327","26/5/2015","21:49","Nilson Leitão","MT","PSDB","166401","Não"
"373327","26/5/2015","21:49","Leandre","PR","PV","178832","Não"
"373327","26/5/2015","21:49","Eros Biondini","MG","PTB","160640","Sim"
"373327","26/5/2015","21:49","Fernando Coelho Filho","PE","PSB","141431","Não"
"373327","26/5/2015","21:49","Claudio Cajado","BA","DEM","74537","Sim"
"373327","26/5/2015","21:49","Wadih Damous","RJ","PT","189593","Não"
"373327","26/5/2015","21:49","Celso Jacob","RJ","PMDB","73568","Sim"
"373327","26/5/2015","21:49","Flávia Morais","GO","PDT","160598","Não"
"373327","26/5/2015","21:49","Ana Perugini","SP","PT","178973","Não"
"373327","26/5/2015","21:49","João Carlos Bacelar","BA","PR","141458","Não"
"373327","26/5/2015","21:49","Padre João","MG","PT","160556","Não"
"373327","26/5/2015","21:49","Missionário José Olimpio","SP","PP","160561","Sim"
"373327","26/5/2015","21:49","Laerte Bessa","DF","PR","141478","Não"
"373327","26/5/2015","21:49","Leônidas Cristino","CE","PROS","74299","Não"
"373327","26/5/2015","21:49","Arthur Oliveira Maia","BA","Solidaried","160600","Sim"
"373327","26/5/2015","21:49","José Rocha","BA","PR","74554","Não"
"373327","26/5/2015","21:49","Celso Russomanno","SP","PRB","73441","Não"
"373327","26/5/2015","21:49","Carlos Bezerra","MT","PMDB","141401","Não"
"373327","26/5/2015","21:49","Toninho Pinheiro","MG","PP","160611","Sim"
"373327","26/5/2015","21:49","Marcon","RS","PT","160535","Não"
"373327","26/5/2015","21:49","Sibá Machado","AC","PT","160613","Não"
"373327","26/5/2015","21:49","Bilac Pinto","MG","PR","141513","Não"
"373327","26/5/2015","21:49","Cícero Almeida","AL","PRTB","178841","Sim"
"373327","26/5/2015","21:49","José Otávio Germano","RS","PP","74395","Sim"
"373327","26/5/2015","21:49","Andre Moura","SE","PSC","160543","Sim"
"373327","26/5/2015","21:49","Assis do Couto","PR","PT","74378","Não"
"373327","26/5/2015","21:49","Pastor Eurico","PE","PSB","160642","Sim"
"373327","26/5/2015","21:49","Professor Victório Galli","MT","PSC","148134","Sim"
"373327","26/5/2015","21:49","Iracema Portella","PI","PP","67138","Sim"
"373327","26/5/2015","21:49","Danilo Forte","CE","PMDB","62881","Sim"
"373327","26/5/2015","21:49","Paulo Azi","BA","DEM","178860","Sim"
"373327","26/5/2015","21:49","Zenaide Maia","RN","PR","178949","Não"
"373327","26/5/2015","21:49","Waldir Maranhão","MA","PP","141558","Sim"
"373327","26/5/2015","21:49","Simone Morgado","PA","PMDB","178911","Não"
"373327","26/5/2015","21:49","Wellington Roberto","PB","PR","74043","Não"
"373327","26/5/2015","21:49","Jony Marcos","SE","PRB","178971","Não"
"373327","26/5/2015","21:49","Glauber Braga","RJ","PSB","152605","Não"
"373327","26/5/2015","21:49","Mara Gabrilli","SP","PSDB","160565","Não"
"373327","26/5/2015","21:49","Dagoberto","MS","PDT","141411","Não"
"373327","26/5/2015","21:49","Givaldo Carimbão","AL","PROS","74558","Não"
"373327","26/5/2015","21:49","Silas Câmara","AM","PSD","74356","Não"
"373327","26/5/2015","21:49","Leonardo Monteiro","MG","PT","74156","Não"
"373327","26/5/2015","21:49","Marcelo Álvaro Antônio","MG","PRP","179000","Sim"
"373327","26/5/2015","21:49","Major Olimpio","SP","PDT","178826","Não"
"373327","26/5/2015","21:49","Luciano Ducci","PR","PSB","178931","Não"
"373327","26/5/2015","21:49","Valadares Filho","SE","PSB","141384","Não"
"373327","26/5/2015","21:49","Weverton Rocha","MA","PDT","167493","Não"
"373327","26/5/2015","21:49","Luiz Nishimori","PR","PR","162332","Não"
"373327","26/5/2015","21:49","Julio Lopes","RJ","PP","74253","Sim"
"373327","26/5/2015","21:49","João Derly","RS","PCdoB","178965","Sim"
"373327","26/5/2015","21:49","Celso Maldaner","SC","PMDB","141405","Não"
"373327","26/5/2015","21:49","Jorge Solla","BA","PT","178857","Não"
"373327","26/5/2015","21:49","Fábio Sousa","GO","PSDB","178877","Sim"
"373327","26/5/2015","21:49","Jutahy Junior","BA","PSDB","74570","Sim"
"373327","26/5/2015","21:49","Toninho Wandscheer","PR","PT","178934","Não"
"373327","26/5/2015","21:49","Valmir Assunção","BA","PT","160610","Não"
"373327","26/5/2015","21:49","Walter Alves","RN","PMDB","178952","Sim"
"373327","26/5/2015","21:49","Nilson Pinto","PA","PSDB","74352","Sim"
"373327","26/5/2015","21:49","Anderson Ferreira","PE","PR","160551","Não"
"373327","26/5/2015","21:49","Hermes Parcianello","PR","PMDB","73772","Sim"
"373327","26/5/2015","21:49","Zeca do Pt","MS","PT","178902","Não"
"373327","26/5/2015","21:49","Tadeu Alencar","PE","PSB","178922","Não"
"373327","26/5/2015","21:49","Alex Canziani","PR","PTB","73458","Não"
"373327","26/5/2015","21:49","Luizianne Lins","CE","PT","178866","Não"
"373327","26/5/2015","21:49","Nelson Marchezan Junior","RS","PSDB","160567","Não"
"373327","26/5/2015","21:49","Dr. João","RJ","PR","178940","Não"
"373327","26/5/2015","21:49","Lucio Vieira Lima","BA","PMDB","94931","Sim"
"373327","26/5/2015","21:49","Marcos Rotta","AM","PMDB","178850","Sim"
"373327","26/5/2015","21:49","Junior Marreca","MA","PEN","178885","Sim"
"373327","26/5/2015","21:49","Augusto Carvalho","DF","Solidaried","73655","Sim"
"373327","26/5/2015","21:49","Capitão Augusto","SP","PR","178829","Não"
"373327","26/5/2015","21:49","Luiz Cláudio","RO","PR","178955","Não"
"373327","26/5/2015","21:49","Alexandre Valle","RJ","PRP","178936","Não"
"373327","26/5/2015","21:49","Ronaldo Martins","CE","PRB","122466","Não"
"373327","26/5/2015","21:49","Vitor Lippi","SP","PSDB","178992","Não"
"373327","26/5/2015","21:49","Jefferson Campos","SP","PSD","74273","Sim"
"373327","26/5/2015","21:49","Marco Tebaldi","SC","PSDB","160536","Não"
"373327","26/5/2015","21:49","Arthur Virgílio Bisneto","AM","PSDB","178847","Sim"
"373327","26/5/2015","21:49","Margarida Salomão","MG","PT","171619","Não"
"373327","26/5/2015","21:49","Félix Mendonça Júnior","BA","PDT","160666","Não"
"373327","26/5/2015","21:49","Marcos Abrão","GO","PPS","178880","Não"
"373327","26/5/2015","21:49","Orlando Silva","SP","PCdoB","178987","Sim"
"373327","26/5/2015","21:49","Uldurico Junior","BA","PTC","178863","Não"
"373327","26/5/2015","21:49","Eliziane Gama","MA","PPS","178883","Não"
"373327","26/5/2015","21:49","Renato Molling","RS","PP","141527","Sim"
"373327","26/5/2015","21:49","Beto Mansur","SP","PRB","73437","Não"
"373327","26/5/2015","21:49","Renzo Braz","MG","PP","160654","Sim"
"373327","26/5/2015","21:49","Rodrigo de Castro","MG","PSDB","141531","Sim"
"373327","26/5/2015","21:49","Márcio Marinho","BA","PRB","150418","Não"
"373327","26/5/2015","21:49","Cleber Verde","MA","PRB","141408","Não"
"373327","26/5/2015","21:49","Carlos Andrade","RR","PHS","178958","Sim"
"373327","26/5/2015","21:49","Paulo Foletto","ES","PSB","160517","Não"
"373327","26/5/2015","21:49","Fabio Garcia","MT","PSB","178905","Não"
"373327","26/5/2015","21:49","João Campos","GO","PSDB","74366","Não"
"373327","26/5/2015","21:49","Rogério Marinho","RN","PSDB","141535","Sim"
"373327","26/5/2015","21:49","Rodrigo Maia","RJ","DEM","74693","Sim"
"373327","26/5/2015","21:49","Aureo","RJ","Solidaried","160512","Não"
"373327","26/5/2015","21:49","Leonardo Quintão","MG","PMDB","141482","Sim"
"373327","26/5/2015","21:49","Jaime Martins","MG","PSD","74665","Sim"
"373327","26/5/2015","21:49","Lelo Coimbra","ES","PMDB","141562","Não"
"373327","26/5/2015","21:49","Alice Portugal","BA","PCdoB","74057","Sim"
"373327","26/5/2015","21:49","Marcos Rogério","RO","PDT","167722","Abstenção"
"373327","26/5/2015","21:49","Alberto Fraga","DF","DEM","73579","Sim"
"373327","26/5/2015","21:49","Celso Pansera","RJ","PMDB","72912","Sim"
"373327","26/5/2015","21:49","José Mentor","SP","PT","74275","Não"
"373327","26/5/2015","21:49","Marinaldo Rosendo","PE","PSB","178919","Sim"
"373327","26/5/2015","21:49","Samuel Moreira","SP","PSDB","178990","Não"
"373327","26/5/2015","21:49","Jerônimo Goergen","RS","PP","160570","Não"
"373327","26/5/2015","21:49","Ricardo Izar","SP","PSD","160655","Sim"
"373327","26/5/2015","21:49","Andres Sanchez","SP","PT","178974","Não"
"373327","26/5/2015","21:49","Vinicius Gurgel","AP","PR","160591","Não"
"373327","26/5/2015","21:49","Max Filho","ES","PSDB","178827","Abstenção"
"373327","26/5/2015","21:49","Laudivio Carvalho","MG","PMDB","178894","Sim"
"373327","26/5/2015","21:49","Rubens Otoni","GO","PT","74371","Não"
"373327","26/5/2015","21:49","Walter Ihoshi","SP","PSD","141560","Não"
"373327","26/5/2015","21:49","Marcelo Aguiar","SP","DEM","160660","Sim"
"373327","26/5/2015","21:49","Wadson Ribeiro","MG","PCdoB","137853","Sim"
"373327","26/5/2015","21:49","Fernando Monteiro","PE","PP","92699","Sim"
"373327","26/5/2015","21:49","Edinho Bez","SC","PMDB","73793","Sim"
"373327","26/5/2015","21:49","Elizeu Dionizio","MS","Solidaried","181316","Não"
"373327","26/5/2015","21:49","Pastor Franklin","MG","PTdoB","186775","Não"
"373327","26/5/2015","21:49","Fabio Reis","SE","PMDB","171623","Sim"
"373327","26/5/2015","21:49","Misael Varella","MG","DEM","178895","Sim"
"373327","26/5/2015","21:49","Sergio Vidigal","ES","PDT","178874","Não"
"373327","26/5/2015","21:49","Professora Dorinha Seabra Rezende","TO","DEM","160639","Não"
"373327","26/5/2015","21:49","Miro Teixeira","RJ","PROS","74862","Sim"
"373327","26/5/2015","21:49","Beto Rosado","RN","PP","178948","Não"
"373327","26/5/2015","21:49","Edio Lopes","RR","PMDB","141417","Sim"
"373327","26/5/2015","21:49","Lincoln Portela","MG","PR","74585","Não"
"373327","26/5/2015","21:49","Rocha","AC","PSDB","178840","Sim"
"373327","26/5/2015","21:49","Alceu Moreira","RS","PMDB","160559","Não"
"373327","26/5/2015","21:49","Chico Lopes","CE","PCdoB","141440","Sim"
"373327","26/5/2015","21:49","Pedro Chaves","GO","PMDB","74812","Sim"
"373327","26/5/2015","21:49","Daniel Vilela","GO","PMDB","144523","Sim"
"373327","26/5/2015","21:49","João Gualberto","BA","PSDB","178856","Sim"
"373327","26/5/2015","21:49","Júlio Cesar","PI","PSD","74317","Sim"
"373327","26/5/2015","21:49","Brunny","MG","PTC","178999","Não"
"373327","26/5/2015","21:49","Luiz Lauro Filho","SP","PSB","178982","Não"
"373327","26/5/2015","21:49","Rogério Peninha Mendonça","SC","PMDB","160651","Sim"
"373327","26/5/2015","21:49","César Messias","AC","PSB","178838","Não"
"373327","26/5/2015","21:49","Paulo Freire","SP","PR","160558","Não"
"373327","26/5/2015","21:49","Antonio Imbassahy","BA","PSDB","160530","Não"
"373327","26/5/2015","21:49","Heitor Schuch","RS","PSB","178964","Não"
"373327","26/5/2015","21:49","Silvio Torres","SP","PSDB","73560","Não"
"373327","26/5/2015","21:49","Dâmina Pereira","MG","PMN","178892","Não"
"373327","26/5/2015","21:49","Givaldo Vieira","ES","PT","178872","Não"
"373327","26/5/2015","21:49","Francisco Floriano","RJ","PR","160677","Não"
"373327","26/5/2015","21:49","Vicentinho Júnior","TO","PSB","137070","Não"
"373327","26/5/2015","21:49","Veneziano Vital do Rêgo","PB","PMDB","178913","Sim"
"373327","26/5/2015","21:49","Carlos Sampaio","SP","PSDB","74262","Não"
"373327","26/5/2015","21:49","Giacobo","PR","PR","74383","Não"
"373327","26/5/2015","21:49","Beto Faro","PA","PT","141335","Não"
"373327","26/5/2015","21:49","Erika Kokay","DF","PT","160575","Não"
"373327","26/5/2015","21:49","Heráclito Fortes","PI","PSB","97707","Sim"
"373327","26/5/2015","21:49","Moroni Torgan","CE","DEM","74457","Sim"
"373327","26/5/2015","21:49","João Castelo","MA","PSDB","74445","Sim"
"373327","26/5/2015","21:49","Carlos Melles","MG","DEM","74651","Sim"
"373327","26/5/2015","21:49","Marcio Alvino","SP","PR","178983","Não"
"373327","26/5/2015","21:49","Jair Bolsonaro","RJ","PP","74847","Sim"
"373327","26/5/2015","21:49","Sergio Souza","PR","PMDB","178933","Sim"
"373327","26/5/2015","21:49","Ronaldo Nogueira","RS","PTB","163321","Não"
"373327","26/5/2015","21:49","Jô Moraes","MG","PCdoB","141503","Sim"
"373327","26/5/2015","21:49","Jean Wyllys","RJ","PSOL","160672","Não"
"373327","26/5/2015","21:49","Danrlei de Deus Hinterholz","RS","PSD","160552","Não"
"373327","26/5/2015","21:49","Lucas Vergilio","GO","Solidaried","178879","Sim"
"373327","26/5/2015","21:49","Hissa Abrahão","AM","PPS","178849","Não"
"373327","26/5/2015","21:49","Lucio Mosquini","RO","PMDB","178954","Sim"
"373327","26/5/2015","21:49","Keiko Ota","SP","PSB","160659","Não"
"373327","26/5/2015","21:49","Indio da Costa","RJ","PSD","141389","Não"
"373327","26/5/2015","21:49","Lindomar Garçon","RO","PMDB","141483","Sim"
"373327","26/5/2015","21:49","Magda Mofatto","GO","PR","166402","Não"
"373327","26/5/2015","21:49","Subtenente Gonzaga","MG","PDT","177282","Não"
"373327","26/5/2015","21:49","Luis Tibé","MG","PTdoB","160510","Não"
"373327","26/5/2015","21:49","Bruno Covas","SP","PSDB","178976","Não"
"373327","26/5/2015","21:49","Paes Landim","PI","PTB","74319","Sim"
"373327","26/5/2015","21:49","Benito Gama","BA","PTB","74535","Sim"
"373327","26/5/2015","21:49","Flaviano Melo","AC","PMDB","141434","Sim"
"373327","26/5/2015","21:49","Marcus Pestana","MG","PSDB","159238","Não"
"373327","26/5/2015","21:49","Arnaldo Jordy","PA","PPS","160602","Não"
"373327","26/5/2015","21:49","Ezequiel Fonseca","MT","PP","178904","Sim"
"373327","26/5/2015","21:49","Stefano Aguiar","MG","PSB","92776","Sim"
"373327","26/5/2015","21:49","Alexandre Serfiotis","RJ","PSD","178833","Não"
"373327","26/5/2015","21:49","Daniel Coelho","PE","PSDB","178916","Sim"
"373327","26/5/2015","21:49","Nilto Tatto","SP","PT","178986","Não"
"373327","26/5/2015","21:49","João Daniel","SE","PT","178970","Não"
"373327","26/5/2015","21:49","Wilson Filho","PB","PTB","160636","Sim"
"373327","26/5/2015","21:49","Ronaldo Benedet","SC","PMDB","160515","Sim"
"373327","26/5/2015","21:49","Bonifácio de Andrada","MG","PSDB","74650","Sim"
"373327","26/5/2015","21:49","Abel Mesquita Jr.","RR","PDT","178957","Não"
"373327","26/5/2015","21:49","Kaio Maniçoba","PE","PHS","178918","Sim"
"373327","26/5/2015","21:49","Tenente Lúcio","MG","PSB","178898","Não"
"373327","26/5/2015","21:49","José Carlos Araújo","BA","PSD","74140","Não"
"373327","26/5/2015","21:49","Arlindo Chinaglia","SP","PT","73433","Não"
"373327","26/5/2015","21:49","Marcelo Matos","RJ","PDT","76287","Não"
"373327","26/5/2015","21:49","Sandro Alex","PR","PPS","160621","Não"
"373327","26/5/2015","21:49","Mendonça Filho","PE","DEM","74428","Sim"
"373327","26/5/2015","21:49","Maria Helena","RR","PSB","64960","Não"
"373327","26/5/2015","21:49","Giovani Cherini","RS","PDT","160673","Não"
"373327","26/5/2015","21:49","Tia Eron","BA","PRB","178862","Não"
"373327","26/5/2015","21:49","André Fufuca","MA","PEN","178882","Sim"
"373327","26/5/2015","21:49","Benjamin Maranhão","PB","Solidaried","74040","Não"
"373327","26/5/2015","21:49","Luis Carlos Heinze","RS","PP","73483","Sim"
"373327","26/5/2015","21:49","Alfredo Nascimento","AM","PR","178846","Não"
"373327","26/5/2015","21:49","Renata Abreu","SP","PTN","178989","Sim"
"373327","26/5/2015","21:49","Cabo Sabino","CE","PR","178865","Não"
"373327","26/5/2015","21:49","Rafael Motta","RN","PROS","178951","Não"
"373327","26/5/2015","21:49","Rômulo Gouveia","PB","PSD","141536","Sim"
"373327","26/5/2015","21:49","Marx Beltrão","AL","PMDB","178843","Sim"
"373327","26/5/2015","21:49","Fernando Marroni","RS","PT","73481","Não"
